0 0.907821 0.314286 0.122905 0.628571
0 0.238827 0.238095 0.069832 0.476190
0 0.081006 0.561905 0.078212 0.419048
0 0.146648 0.219048 0.069832 0.438095
0 0.762570 0.204762 0.072626 0.409524
0 0.543296 0.209524 0.069832 0.419048
0 0.960894 0.771429 0.067039 0.419048
0 0.649441 0.195238 0.069832 0.390476
0 0.076816 0.200000 0.053073 0.400000
0 0.650838 0.871429 0.055866 0.238095
0 0.748603 0.895238 0.050279 0.209524
0 0.043296 0.876190 0.041899 0.209524
0 0.022346 0.300000 0.044693 0.180952
0 0.835196 0.866667 0.033520 0.228571
0 0.886872 0.880952 0.036313 0.200000
