0 0.210414 0.672414 0.186876 0.571429
0 0.394437 0.890394 0.055635 0.155172
0 0.817404 0.368227 0.065621 0.125616
0 0.333096 0.224138 0.049929 0.133005
0 0.186163 0.312808 0.049929 0.128079
0 0.853780 0.426108 0.047076 0.133005
0 0.636947 0.273399 0.041369 0.147783
0 0.429387 0.262315 0.037090 0.155172
0 0.538516 0.288177 0.041369 0.108374
0 0.346648 0.314039 0.031384 0.135468
0 0.574180 0.194581 0.044223 0.093596
0 0.667618 0.208128 0.037090 0.096059
0 0.743224 0.328818 0.031384 0.105911
0 0.757489 0.229064 0.025678 0.103448
0 0.661912 0.806650 0.028531 0.076355
0 0.845934 0.282020 0.019971 0.100985
0 0.203994 0.415025 0.025678 0.071429
0 0.456491 0.194581 0.019971 0.083744
0 0.958631 0.460591 0.019971 0.078818
